  112  213  314  415  516  617  718  819  920 1021
  123  224  325  426  527  628  729  830  931 1032
  134  235  336  437  538  639  740  841  942 1043
  145  246  347  448  549  650  751  852  953 1054
  156  257  358  459  560  661  762  863  964 1065
  167  268  369  470  571  672  773  874  975 1076
  178  279  380  481  582  683  784  885  986 1087
  189  290  391  492  593  694  795  896  997 1098
  200  301  402  503  604  705  806  907 1008 1109
  211  312  413  514  615  716  817  918 1019 1120
  222  323  424  525  626  727  828  929 1030 1131
  233  334  435  536  637  738  839  940 1041 1142
  244  345  446  547  648  749  850  951 1052 1153
  255  356  457  558  659  760  861  962 1063 1164
  266  367  468  569  670  771  872  973 1074 1175
  277  378  479  580  681  782  883  984 1085 1186
  288  389  490  591  692  793  894  995 1096 1197
  299  400  501  602  703  804  905 1006 1107 1208
  310  411  512  613  714  815  916 1017 1118 1219
  321  422  523  624  725  826  927 1028 1129 1230
  332  433  534  635  736  837  938 1039 1140 1241
  343  444  545  646  747  848  949 1050 1151 1252
  354  455  556  657  758  859  960 1061 1162 1263
  365  466  567  668  769  870  971 1072 1173 1274
  376  477  578  679  780  881  982 1083 1184 1285
  387  488  589  690  791  892  993 1094 1195 1296
  398  499  600  701  802  903 1004 1105 1206 1307
  409  510  611  712  813  914 1015 1116 1217 1318
  420  521  622  723  824  925 1026 1127 1228 1329
  431  532  633  734  835  936 1037 1138 1239 1340
  442  543  644  745  846  947 1048 1149 1250 1351
  453  554  655  756  857  958 1059 1160 1261 1362
  464  565  666  767  868  969 1070 1171 1272 1373
  475  576  677  778  879  980 1081 1182 1283 1384
  486  587  688  789  890  991 1092 1193 1294 1395
  497  598  699  800  901 1002 1103 1204 1305 1406
  508  609  710  811  912 1013 1114 1215 1316 1417
  519  620  721  822  923 1024 1125 1226 1327 1428
  530  631  732  833  934 1035 1136 1237 1338 1439
  541  642  743  844  945 1046 1147 1248 1349 1450
  552  653  754  855  956 1057 1158 1259 1360 1461
  563  664  765  866  967 1068 1169 1270 1371 1472
  574  675  776  877  978 1079 1180 1281 1382 1483
  585  686  787  888  989 1090 1191 1292 1393 1494
  596  697  798  899 1000 1101 1202 1303 1404 1505
  607  708  809  910 1011 1112 1213 1314 1415 1516
  618  719  820  921 1022 1123 1224 1325 1426 1527
  629  730  831  932 1033 1134 1235 1336 1437 1538
  640  741  842  943 1044 1145 1246 1347 1448 1549
  651  752  853  954 1055 1156 1257 1358 1459 1560
  662  763  864  965 1066 1167 1268 1369 1470 1571
  673  774  875  976 1077 1178 1279 1380 1481 1582
  684  785  886  987 1088 1189 1290 1391 1492 1593
  695  796  897  998 1099 1200 1301 1402 1503 1604
  706  807  908 1009 1110 1211 1312 1413 1514 1615
  717  818  919 1020 1121 1222 1323 1424 1525 1626
  728  829  930 1031 1132 1233 1334 1435 1536 1637
  739  840  941 1042 1143 1244 1345 1446 1547 1648
  750  851  952 1053 1154 1255 1356 1457 1558 1659
  761  862  963 1064 1165 1266 1367 1468 1569 1670
  772  873  974 1075 1176 1277 1378 1479 1580 1681
  783  884  985 1086 1187 1288 1389 1490 1591 1692
  794  895  996 1097 1198 1299 1400 1501 1602 1703
  805  906 1007 1108 1209 1310 1411 1512 1613 1714
  816  917 1018 1119 1220 1321 1422 1523 1624 1725
  827  928 1029 1130 1231 1332 1433 1534 1635 1736
  838  939 1040 1141 1242 1343 1444 1545 1646 1747
  849  950 1051 1152 1253 1354 1455 1556 1657 1758
  860  961 1062 1163 1264 1365 1466 1567 1668 1769
  871  972 1073 1174 1275 1376 1477 1578 1679 1780
  882  983 1084 1185 1286 1387 1488 1589 1690 1791
  893  994 1095 1196 1297 1398 1499 1600 1701 1802
  904 1005 1106 1207 1308 1409 1510 1611 1712 1813
  915 1016 1117 1218 1319 1420 1521 1622 1723 1824
  926 1027 1128 1229 1330 1431 1532 1633 1734 1835
  937 1038 1139 1240 1341 1442 1543 1644 1745 1846
  948 1049 1150 1251 1352 1453 1554 1655 1756 1857
  959 1060 1161 1262 1363 1464 1565 1666 1767 1868
  970 1071 1172 1273 1374 1475 1576 1677 1778 1879
  981 1082 1183 1284 1385 1486 1587 1688 1789 1890
  992 1093 1194 1295 1396 1497 1598 1699 1800 1901
 1003 1104 1205 1306 1407 1508 1609 1710 1811 1912
 1014 1115 1216 1317 1418 1519 1620 1721 1822 1923
 1025 1126 1227 1328 1429 1530 1631 1732 1833 1934
 1036 1137 1238 1339 1440 1541 1642 1743 1844 1945
 1047 1148 1249 1350 1451 1552 1653 1754 1855 1956
 1058 1159 1260 1361 1462 1563 1664 1765 1866 1967
 1069 1170 1271 1372 1473 1574 1675 1776 1877 1978
 1080 1181 1282 1383 1484 1585 1686 1787 1888 1989
 1091 1192 1293 1394 1495 1596 1697 1798 1899 2000
 1102 1203 1304 1405 1506 1607 1708 1809 1910 2011
 1113 1214 1315 1416 1517 1618 1719 1820 1921 2022
 1124 1225 1326 1427 1528 1629 1730 1831 1932 2033
 1135 1236 1337 1438 1539 1640 1741 1842 1943 2044
 1146 1247 1348 1449 1550 1651 1752 1853 1954 2055
 1157 1258 1359 1460 1561 1662 1763 1864 1965 2066
 1168 1269 1370 1471 1572 1673 1774 1875 1976 2077
 1179 1280 1381 1482 1583 1684 1785 1886 1987 2088
 1190 1291 1392 1493 1594 1695 1796 1897 1998 2099
 1201 1302 1403 1504 1605 1706 1807 1908 2009 2110
