 10 2.115000010 4.230000019 6.345000267 8.460000038 10.57499981 12.69000053 14.80500031 16.92000008 19.03499985 21.14999962
 8589934593 0.399299999999999982E+43 0.798599999999999965E+43 0.119789999999999995E+44 0.159719999999999993E+44 0.199649999999999991E+44 0.239579999999999989E+44 0.279509999999999988E+44 0.319439999999999986E+44 0.359369999999999984E+44 0.399299999999999982E+44 0.439229999999999981E+44 0.479159999999999979E+44 0.519089999999999977E+44 0.559019999999999975E+44 0.598949999999999974E+44 0.638879999999999972E+44 0.678809999999999970E+44 0.718739999999999968E+44 0.758669999999999967E+44 0.798599999999999965E+44 0.838529999999999963E+44 0.878459999999999961E+44 0.918389999999999959E+44 0.958319999999999958E+44 0.998249999999999956E+44 0.103817999999999995E+45 0.107810999999999995E+45 0.111803999999999995E+45 0.115796999999999995E+45 0.119789999999999995E+45 8589934594 0.399299999999999982E+43 0.798599999999999965E+43 0.119789999999999995E+44 0.159719999999999993E+44 0.199649999999999991E+44 0.239579999999999989E+44 0.279509999999999988E+44 0.319439999999999986E+44 0.359369999999999984E+44 0.399299999999999982E+44 0.439229999999999981E+44 0.479159999999999979E+44 0.519089999999999977E+44 0.559019999999999975E+44 0.598949999999999974E+44 0.638879999999999972E+44 0.678809999999999970E+44 0.718739999999999968E+44 0.758669999999999967E+44 0.798599999999999965E+44 0.838529999999999963E+44 0.878459999999999961E+44 0.918389999999999959E+44 0.958319999999999958E+44 0.998249999999999956E+44 0.103817999999999995E+45 0.107810999999999995E+45 0.111803999999999995E+45 0.115796999999999995E+45 0.119789999999999995E+45 8589934595 0.399299999999999982E+43 0.798599999999999965E+43 0.119789999999999995E+44 0.159719999999999993E+44 0.199649999999999991E+44 0.239579999999999989E+44 0.279509999999999988E+44 0.319439999999999986E+44 0.359369999999999984E+44 0.399299999999999982E+44 0.439229999999999981E+44 0.479159999999999979E+44 0.519089999999999977E+44 0.559019999999999975E+44 0.598949999999999974E+44 0.638879999999999972E+44 0.678809999999999970E+44 0.718739999999999968E+44 0.758669999999999967E+44 0.798599999999999965E+44 0.838529999999999963E+44 0.878459999999999961E+44 0.918389999999999959E+44 0.958319999999999958E+44 0.998249999999999956E+44 0.103817999999999995E+45 0.107810999999999995E+45 0.111803999999999995E+45 0.115796999999999995E+45 0.119789999999999995E+45
          8589934596
    0.399300000000000E+43    0.798600000000000E+43    0.119790000000000E+44
    0.159720000000000E+44    0.199650000000000E+44    0.239580000000000E+44
    0.279510000000000E+44    0.319440000000000E+44    0.359370000000000E+44
    0.399300000000000E+44    0.439230000000000E+44    0.479160000000000E+44
    0.519090000000000E+44    0.559020000000000E+44    0.598950000000000E+44
    0.638880000000000E+44    0.678810000000000E+44    0.718740000000000E+44
    0.758670000000000E+44    0.798600000000000E+44    0.838530000000000E+44
    0.878460000000000E+44    0.918390000000000E+44    0.958320000000000E+44
    0.998250000000000E+44    0.103818000000000E+45    0.107811000000000E+45
    0.111804000000000E+45    0.115797000000000E+45    0.119790000000000E+45
          8589934597
    0.399300000000000E+43    0.798600000000000E+43    0.119790000000000E+44
    0.159720000000000E+44    0.199650000000000E+44    0.239580000000000E+44
    0.279510000000000E+44    0.319440000000000E+44    0.359370000000000E+44
    0.399300000000000E+44    0.439230000000000E+44    0.479160000000000E+44
    0.519090000000000E+44    0.559020000000000E+44    0.598950000000000E+44
    0.638880000000000E+44    0.678810000000000E+44    0.718740000000000E+44
    0.758670000000000E+44    0.798600000000000E+44    0.838530000000000E+44
    0.878460000000000E+44    0.918390000000000E+44    0.958320000000000E+44
    0.998250000000000E+44    0.103818000000000E+45    0.107811000000000E+45
    0.111804000000000E+45    0.115797000000000E+45    0.119790000000000E+45
          8589934598
    0.399300000000000E+43    0.798600000000000E+43    0.119790000000000E+44
    0.159720000000000E+44    0.199650000000000E+44    0.239580000000000E+44
    0.279510000000000E+44    0.319440000000000E+44    0.359370000000000E+44
    0.399300000000000E+44    0.439230000000000E+44    0.479160000000000E+44
    0.519090000000000E+44    0.559020000000000E+44    0.598950000000000E+44
    0.638880000000000E+44    0.678810000000000E+44    0.718740000000000E+44
    0.758670000000000E+44    0.798600000000000E+44    0.838530000000000E+44
    0.878460000000000E+44    0.918390000000000E+44    0.958320000000000E+44
    0.998250000000000E+44    0.103818000000000E+45    0.107811000000000E+45
    0.111804000000000E+45    0.115797000000000E+45    0.119790000000000E+45
          8589934599
    0.399300000000000E+43    0.798600000000000E+43    0.119790000000000E+44
    0.159720000000000E+44    0.199650000000000E+44    0.239580000000000E+44
    0.279510000000000E+44    0.319440000000000E+44    0.359370000000000E+44
    0.399300000000000E+44    0.439230000000000E+44    0.479160000000000E+44
    0.519090000000000E+44    0.559020000000000E+44    0.598950000000000E+44
    0.638880000000000E+44    0.678810000000000E+44    0.718740000000000E+44
    0.758670000000000E+44    0.798600000000000E+44    0.838530000000000E+44
    0.878460000000000E+44    0.918390000000000E+44    0.958320000000000E+44
    0.998250000000000E+44    0.103818000000000E+45    0.107811000000000E+45
    0.111804000000000E+45    0.115797000000000E+45    0.119790000000000E+45
          8589934600
    0.399300000000000E+43    0.798600000000000E+43    0.119790000000000E+44
    0.159720000000000E+44    0.199650000000000E+44    0.239580000000000E+44
    0.279510000000000E+44    0.319440000000000E+44    0.359370000000000E+44
    0.399300000000000E+44    0.439230000000000E+44    0.479160000000000E+44
    0.519090000000000E+44    0.559020000000000E+44    0.598950000000000E+44
    0.638880000000000E+44    0.678810000000000E+44    0.718740000000000E+44
    0.758670000000000E+44    0.798600000000000E+44    0.838530000000000E+44
    0.878460000000000E+44    0.918390000000000E+44    0.958320000000000E+44
    0.998250000000000E+44    0.103818000000000E+45    0.107811000000000E+45
    0.111804000000000E+45    0.115797000000000E+45    0.119790000000000E+45
          8589934601
    0.399300000000000E+43    0.798600000000000E+43    0.119790000000000E+44
    0.159720000000000E+44    0.199650000000000E+44    0.239580000000000E+44
    0.279510000000000E+44    0.319440000000000E+44    0.359370000000000E+44
    0.399300000000000E+44    0.439230000000000E+44    0.479160000000000E+44
    0.519090000000000E+44    0.559020000000000E+44    0.598950000000000E+44
    0.638880000000000E+44    0.678810000000000E+44    0.718740000000000E+44
    0.758670000000000E+44    0.798600000000000E+44    0.838530000000000E+44
    0.878460000000000E+44    0.918390000000000E+44    0.958320000000000E+44
    0.998250000000000E+44    0.103818000000000E+45    0.107811000000000E+45
    0.111804000000000E+45    0.115797000000000E+45    0.119790000000000E+45
          8589934602
    0.399300000000000E+43    0.798600000000000E+43    0.119790000000000E+44
    0.159720000000000E+44    0.199650000000000E+44    0.239580000000000E+44
    0.279510000000000E+44    0.319440000000000E+44    0.359370000000000E+44
    0.399300000000000E+44    0.439230000000000E+44    0.479160000000000E+44
    0.519090000000000E+44    0.559020000000000E+44    0.598950000000000E+44
    0.638880000000000E+44    0.678810000000000E+44    0.718740000000000E+44
    0.758670000000000E+44    0.798600000000000E+44    0.838530000000000E+44
    0.878460000000000E+44    0.918390000000000E+44    0.958320000000000E+44
    0.998250000000000E+44    0.103818000000000E+45    0.107811000000000E+45
    0.111804000000000E+45    0.115797000000000E+45    0.119790000000000E+45

