 -0.00100 0.179769313+309 0.1797693134862+309
0.340E+39-1.2 -0.17976931300-300  0.07976931349+309  -.3876400Q-230.3876400Q-23
 297.39 297.39 297.39 297.39 297.39 297.39 297.39 297.39 297.39 297.39
    0.971D+0023    0.490D+0024
    0.971D+0023    0.490D+0024
    0.971D+0023    0.490D+0024
    0.971D+0023    0.490D+0024
    0.971D+0023    0.490D+0024
    0.971D+0023    0.490D+0024
    0.971D+0023    0.490D+0024
    0.971D+0023    0.490D+0024
    0.971D+0023    0.490D+0024
    0.971D+0023    0.490D+0024
 -0001   0.1797E-5 0.179769E+20
