0 0  0   0    0     0      0       0        0         0
1 1  1   1    1     1      1       1        1         1
2 2  2   2    2     2      2       2        2         2
3 3  3   3    3     3      3       3        3         3
4 4  4   4    4     4      4       4        4         4
5 5  5   5    5     5      5       5        5         5
6 6  6   6    6     6      6       6        6         6
7 7  7   7    7     7      7       7        7         7
8 8  8   8    8     8      8       8        8         8
9 9  9   9    9     9      9       9        9         9
100001000 10000100 01000010 00100001 00001000 1000
100101001 10001100 11000110 01100011 00101001 1001
100201002 10002100 21000210 02100021 00201002 1002
100301003 10003100 31000310 03100031 00301003 1003
100401004 10004100 41000410 04100041 00401004 1004
100501005 10005100 51000510 05100051 00501005 1005
100601006 10006100 61000610 06100061 00601006 1006
100701007 10007100 71000710 07100071 00701007 1007
100801008 10008100 81000810 08100081 00801008 1008
100901009 10009100 91000910 09100091 00901009 1009
101001010 10100101 01001010 10100101 01001010 1010
101101011 10101101 11001110 11100111 01101011 1011
101201012 10102101 21001210 12100121 01201012 1012
101301013 10103101 31001310 13100131 01301013 1013
101401014 10104101 41001410 14100141 01401014 1014
101501015 10105101 51001510 15100151 01501015 1015
101601016 10106101 61001610 16100161 01601016 1016
101701017 10107101 71001710 17100171 01701017 1017
101801018 10108101 81001810 18100181 01801018 1018
101901019 10109101 91001910 19100191 01901019 1019
102001020 10200102 01002010 20100201 02001020 1020
102101021 10201102 11002110 21100211 02101021 1021
102201022 10202102 21002210 22100221 02201022 1022
102301023 10203102 31002310 23100231 02301023 1023
102401024 10204102 41002410 24100241 02401024 1024
102501025 10205102 51002510 25100251 02501025 1025
102601026 10206102 61002610 26100261 02601026 1026
102701027 10207102 71002710 27100271 02701027 1027
102801028 10208102 81002810 28100281 02801028 1028
102901029 10209102 91002910 29100291 02901029 1029
103001030 10300103 01003010 30100301 03001030 1030
103101031 10301103 11003110 31100311 03101031 1031
103201032 10302103 21003210 32100321 03201032 1032
103301033 10303103 31003310 33100331 03301033 1033
103401034 10304103 41003410 34100341 03401034 1034
103501035 10305103 51003510 35100351 03501035 1035
103601036 10306103 61003610 36100361 03601036 1036
103701037 10307103 71003710 37100371 03701037 1037
103801038 10308103 81003810 38100381 03801038 1038
103901039 10309103 91003910 39100391 03901039 1039
104001040 10400104 01004010 40100401 04001040 1040
104101041 10401104 11004110 41100411 04101041 1041
104201042 10402104 21004210 42100421 04201042 1042
104301043 10403104 31004310 43100431 04301043 1043
104401044 10404104 41004410 44100441 04401044 1044
104501045 10405104 51004510 45100451 04501045 1045
104601046 10406104 61004610 46100461 04601046 1046
104701047 10407104 71004710 47100471 04701047 1047
104801048 10408104 81004810 48100481 04801048 1048
104901049 10409104 91004910 49100491 04901049 1049
105001050 10500105 01005010 50100501 05001050 1050
105101051 10501105 11005110 51100511 05101051 1051
105201052 10502105 21005210 52100521 05201052 1052
105301053 10503105 31005310 53100531 05301053 1053
105401054 10504105 41005410 54100541 05401054 1054
105501055 10505105 51005510 55100551 05501055 1055
105601056 10506105 61005610 56100561 05601056 1056
105701057 10507105 71005710 57100571 05701057 1057
105801058 10508105 81005810 58100581 05801058 1058
105901059 10509105 91005910 59100591 05901059 1059
106001060 10600106 01006010 60100601 06001060 1060
106101061 10601106 11006110 61100611 06101061 1061
106201062 10602106 21006210 62100621 06201062 1062
106301063 10603106 31006310 63100631 06301063 1063
106401064 10604106 41006410 64100641 06401064 1064
106501065 10605106 51006510 65100651 06501065 1065
106601066 10606106 61006610 66100661 06601066 1066
106701067 10607106 71006710 67100671 06701067 1067
106801068 10608106 81006810 68100681 06801068 1068
106901069 10609106 91006910 69100691 06901069 1069
107001070 10700107 01007010 70100701 07001070 1070
107101071 10701107 11007110 71100711 07101071 1071
107201072 10702107 21007210 72100721 07201072 1072
107301073 10703107 31007310 73100731 07301073 1073
107401074 10704107 41007410 74100741 07401074 1074
107501075 10705107 51007510 75100751 07501075 1075
107601076 10706107 61007610 76100761 07601076 1076
107701077 10707107 71007710 77100771 07701077 1077
107801078 10708107 81007810 78100781 07801078 1078
107901079 10709107 91007910 79100791 07901079 1079
108001080 10800108 01008010 80100801 08001080 1080
108101081 10801108 11008110 81100811 08101081 1081
108201082 10802108 21008210 82100821 08201082 1082
108301083 10803108 31008310 83100831 08301083 1083
108401084 10804108 41008410 84100841 08401084 1084
108501085 10805108 51008510 85100851 08501085 1085
108601086 10806108 61008610 86100861 08601086 1086
108701087 10807108 71008710 87100871 08701087 1087
108801088 10808108 81008810 88100881 08801088 1088
108901089 10809108 91008910 89100891 08901089 1089
109001090 10900109 01009010 90100901 09001090 1090
109101091 10901109 11009110 91100911 09101091 1091
109201092 10902109 21009210 92100921 09201092 1092
109301093 10903109 31009310 93100931 09301093 1093
109401094 10904109 41009410 94100941 09401094 1094
109501095 10905109 51009510 95100951 09501095 1095
109601096 10906109 61009610 96100961 09601096 1096
109701097 10907109 71009710 97100971 09701097 1097
109801098 10908109 81009810 98100981 09801098 1098
109901099 10909109 91009910 99100991 09901099 1099
110001100 11000110 01100011 00101001 10001100 1100
110101101 11001110 11100111 01101011 10101101 1101
110201102 11002110 21100211 02101021 10201102 1102
110301103 11003110 31100311 03101031 10301103 1103
110401104 11004110 41100411 04101041 10401104 1104
110501105 11005110 51100511 05101051 10501105 1105
110601106 11006110 61100611 06101061 10601106 1106
110701107 11007110 71100711 07101071 10701107 1107
110801108 11008110 81100811 08101081 10801108 1108
110901109 11009110 91100911 09101091 10901109 1109
111001110 11100111 01101011 10101101 11001110 1110
111101111 11101111 11101111 11101111 11101111 1111
111201112 11102111 21101211 12101121 11201112 1112
111301113 11103111 31101311 13101131 11301113 1113
111401114 11104111 41101411 14101141 11401114 1114
111501115 11105111 51101511 15101151 11501115 1115
111601116 11106111 61101611 16101161 11601116 1116
111701117 11107111 71101711 17101171 11701117 1117
111801118 11108111 81101811 18101181 11801118 1118
111901119 11109111 91101911 19101191 11901119 1119
112001120 11200112 01102011 20101201 12001120 1120
112101121 11201112 11102111 21101211 12101121 1121
112201122 11202112 21102211 22101221 12201122 1122
112301123 11203112 31102311 23101231 12301123 1123
112401124 11204112 41102411 24101241 12401124 1124
112501125 11205112 51102511 25101251 12501125 1125
112601126 11206112 61102611 26101261 12601126 1126
112701127 11207112 71102711 27101271 12701127 1127
112801128 11208112 81102811 28101281 12801128 1128
112901129 11209112 91102911 29101291 12901129 1129
113001130 11300113 01103011 30101301 13001130 1130
113101131 11301113 11103111 31101311 13101131 1131
113201132 11302113 21103211 32101321 13201132 1132
113301133 11303113 31103311 33101331 13301133 1133
113401134 11304113 41103411 34101341 13401134 1134
113501135 11305113 51103511 35101351 13501135 1135
113601136 11306113 61103611 36101361 13601136 1136
113701137 11307113 71103711 37101371 13701137 1137
113801138 11308113 81103811 38101381 13801138 1138
113901139 11309113 91103911 39101391 13901139 1139
114001140 11400114 01104011 40101401 14001140 1140
114101141 11401114 11104111 41101411 14101141 1141
114201142 11402114 21104211 42101421 14201142 1142
114301143 11403114 31104311 43101431 14301143 1143
114401144 11404114 41104411 44101441 14401144 1144
114501145 11405114 51104511 45101451 14501145 1145
114601146 11406114 61104611 46101461 14601146 1146
114701147 11407114 71104711 47101471 14701147 1147
114801148 11408114 81104811 48101481 14801148 1148
114901149 11409114 91104911 49101491 14901149 1149
115001150 11500115 01105011 50101501 15001150 1150
115101151 11501115 11105111 51101511 15101151 1151
115201152 11502115 21105211 52101521 15201152 1152
115301153 11503115 31105311 53101531 15301153 1153
115401154 11504115 41105411 54101541 15401154 1154
115501155 11505115 51105511 55101551 15501155 1155
115601156 11506115 61105611 56101561 15601156 1156
115701157 11507115 71105711 57101571 15701157 1157
115801158 11508115 81105811 58101581 15801158 1158
115901159 11509115 91105911 59101591 15901159 1159
116001160 11600116 01106011 60101601 16001160 1160
116101161 11601116 11106111 61101611 16101161 1161
116201162 11602116 21106211 62101621 16201162 1162
116301163 11603116 31106311 63101631 16301163 1163
116401164 11604116 41106411 64101641 16401164 1164
116501165 11605116 51106511 65101651 16501165 1165
116601166 11606116 61106611 66101661 16601166 1166
116701167 11607116 71106711 67101671 16701167 1167
116801168 11608116 81106811 68101681 16801168 1168
116901169 11609116 91106911 69101691 16901169 1169
117001170 11700117 01107011 70101701 17001170 1170
117101171 11701117 11107111 71101711 17101171 1171
117201172 11702117 21107211 72101721 17201172 1172
117301173 11703117 31107311 73101731 17301173 1173
117401174 11704117 41107411 74101741 17401174 1174
117501175 11705117 51107511 75101751 17501175 1175
117601176 11706117 61107611 76101761 17601176 1176
117701177 11707117 71107711 77101771 17701177 1177
117801178 11708117 81107811 78101781 17801178 1178
117901179 11709117 91107911 79101791 17901179 1179
118001180 11800118 01108011 80101801 18001180 1180
118101181 11801118 11108111 81101811 18101181 1181
118201182 11802118 21108211 82101821 18201182 1182
118301183 11803118 31108311 83101831 18301183 1183
118401184 11804118 41108411 84101841 18401184 1184
118501185 11805118 51108511 85101851 18501185 1185
118601186 11806118 61108611 86101861 18601186 1186
118701187 11807118 71108711 87101871 18701187 1187
118801188 11808118 81108811 88101881 18801188 1188
118901189 11809118 91108911 89101891 18901189 1189
119001190 11900119 01109011 90101901 19001190 1190
119101191 11901119 11109111 91101911 19101191 1191
119201192 11902119 21109211 92101921 19201192 1192
119301193 11903119 31109311 93101931 19301193 1193
119401194 11904119 41109411 94101941 19401194 1194
119501195 11905119 51109511 95101951 19501195 1195
119601196 11906119 61109611 96101961 19601196 1196
119701197 11907119 71109711 97101971 19701197 1197
119801198 11908119 81109811 98101981 19801198 1198
119901199 11909119 91109911 99101991 19901199 1199
120001200 12000120 01200012 00102001 20001200 1200
120101201 12001120 11200112 01102011 20101201 1201
120201202 12002120 21200212 02102021 20201202 1202
120301203 12003120 31200312 03102031 20301203 1203
120401204 12004120 41200412 04102041 20401204 1204
120501205 12005120 51200512 05102051 20501205 1205
120601206 12006120 61200612 06102061 20601206 1206
120701207 12007120 71200712 07102071 20701207 1207
120801208 12008120 81200812 08102081 20801208 1208
120901209 12009120 91200912 09102091 20901209 1209
121001210 12100121 01201012 10102101 21001210 1210
121101211 12101121 11201112 11102111 21101211 1211
121201212 12102121 21201212 12102121 21201212 1212
121301213 12103121 31201312 13102131 21301213 1213
121401214 12104121 41201412 14102141 21401214 1214
121501215 12105121 51201512 15102151 21501215 1215
121601216 12106121 61201612 16102161 21601216 1216
121701217 12107121 71201712 17102171 21701217 1217
121801218 12108121 81201812 18102181 21801218 1218
121901219 12109121 91201912 19102191 21901219 1219
122001220 12200122 01202012 20102201 22001220 1220
122101221 12201122 11202112 21102211 22101221 1221
122201222 12202122 21202212 22102221 22201222 1222
122301223 12203122 31202312 23102231 22301223 1223
122401224 12204122 41202412 24102241 22401224 1224
122501225 12205122 51202512 25102251 22501225 1225
122601226 12206122 61202612 26102261 22601226 1226
122701227 12207122 71202712 27102271 22701227 1227
122801228 12208122 81202812 28102281 22801228 1228
122901229 12209122 91202912 29102291 22901229 1229
123001230 12300123 01203012 30102301 23001230 1230
123101231 12301123 11203112 31102311 23101231 1231
123201232 12302123 21203212 32102321 23201232 1232
123301233 12303123 31203312 33102331 23301233 1233
123401234 12304123 41203412 34102341 23401234 1234
123501235 12305123 51203512 35102351 23501235 1235
123601236 12306123 61203612 36102361 23601236 1236
123701237 12307123 71203712 37102371 23701237 1237
123801238 12308123 81203812 38102381 23801238 1238
123901239 12309123 91203912 39102391 23901239 1239
124001240 12400124 01204012 40102401 24001240 1240
124101241 12401124 11204112 41102411 24101241 1241
124201242 12402124 21204212 42102421 24201242 1242
124301243 12403124 31204312 43102431 24301243 1243
124401244 12404124 41204412 44102441 24401244 1244
124501245 12405124 51204512 45102451 24501245 1245
124601246 12406124 61204612 46102461 24601246 1246
124701247 12407124 71204712 47102471 24701247 1247
124801248 12408124 81204812 48102481 24801248 1248
124901249 12409124 91204912 49102491 24901249 1249
125001250 12500125 01205012 50102501 25001250 1250
125101251 12501125 11205112 51102511 25101251 1251
125201252 12502125 21205212 52102521 25201252 1252
125301253 12503125 31205312 53102531 25301253 1253
125401254 12504125 41205412 54102541 25401254 1254
125501255 12505125 51205512 55102551 25501255 1255
125601256 12506125 61205612 56102561 25601256 1256
125701257 12507125 71205712 57102571 25701257 1257
125801258 12508125 81205812 58102581 25801258 1258
125901259 12509125 91205912 59102591 25901259 1259
126001260 12600126 01206012 60102601 26001260 1260
126101261 12601126 11206112 61102611 26101261 1261
126201262 12602126 21206212 62102621 26201262 1262
126301263 12603126 31206312 63102631 26301263 1263
126401264 12604126 41206412 64102641 26401264 1264
126501265 12605126 51206512 65102651 26501265 1265
126601266 12606126 61206612 66102661 26601266 1266
126701267 12607126 71206712 67102671 26701267 1267
126801268 12608126 81206812 68102681 26801268 1268
126901269 12609126 91206912 69102691 26901269 1269
127001270 12700127 01207012 70102701 27001270 1270
127101271 12701127 11207112 71102711 27101271 1271
127201272 12702127 21207212 72102721 27201272 1272
127301273 12703127 31207312 73102731 27301273 1273
127401274 12704127 41207412 74102741 27401274 1274
127501275 12705127 51207512 75102751 27501275 1275
127601276 12706127 61207612 76102761 27601276 1276
127701277 12707127 71207712 77102771 27701277 1277
127801278 12708127 81207812 78102781 27801278 1278
127901279 12709127 91207912 79102791 27901279 1279
128001280 12800128 01208012 80102801 28001280 1280
128101281 12801128 11208112 81102811 28101281 1281
128201282 12802128 21208212 82102821 28201282 1282
128301283 12803128 31208312 83102831 28301283 1283
128401284 12804128 41208412 84102841 28401284 1284
128501285 12805128 51208512 85102851 28501285 1285
128601286 12806128 61208612 86102861 28601286 1286
128701287 12807128 71208712 87102871 28701287 1287
128801288 12808128 81208812 88102881 28801288 1288
128901289 12809128 91208912 89102891 28901289 1289
129001290 12900129 01209012 90102901 29001290 1290
129101291 12901129 11209112 91102911 29101291 1291
129201292 12902129 21209212 92102921 29201292 1292
129301293 12903129 31209312 93102931 29301293 1293
129401294 12904129 41209412 94102941 29401294 1294
129501295 12905129 51209512 95102951 29501295 1295
129601296 12906129 61209612 96102961 29601296 1296
129701297 12907129 71209712 97102971 29701297 1297
129801298 12908129 81209812 98102981 29801298 1298
129901299 12909129 91209912 99102991 29901299 1299
130001300 13000130 01300013 00103001 30001300 1300
130101301 13001130 11300113 01103011 30101301 1301
130201302 13002130 21300213 02103021 30201302 1302
130301303 13003130 31300313 03103031 30301303 1303
130401304 13004130 41300413 04103041 30401304 1304
130501305 13005130 51300513 05103051 30501305 1305
130601306 13006130 61300613 06103061 30601306 1306
130701307 13007130 71300713 07103071 30701307 1307
130801308 13008130 81300813 08103081 30801308 1308
130901309 13009130 91300913 09103091 30901309 1309
131001310 13100131 01301013 10103101 31001310 1310
131101311 13101131 11301113 11103111 31101311 1311
131201312 13102131 21301213 12103121 31201312 1312
131301313 13103131 31301313 13103131 31301313 1313
131401314 13104131 41301413 14103141 31401314 1314
131501315 13105131 51301513 15103151 31501315 1315
131601316 13106131 61301613 16103161 31601316 1316
131701317 13107131 71301713 17103171 31701317 1317
131801318 13108131 81301813 18103181 31801318 1318
131901319 13109131 91301913 19103191 31901319 1319
132001320 13200132 01302013 20103201 32001320 1320
132101321 13201132 11302113 21103211 32101321 1321
132201322 13202132 21302213 22103221 32201322 1322
132301323 13203132 31302313 23103231 32301323 1323
132401324 13204132 41302413 24103241 32401324 1324
132501325 13205132 51302513 25103251 32501325 1325
132601326 13206132 61302613 26103261 32601326 1326
132701327 13207132 71302713 27103271 32701327 1327
132801328 13208132 81302813 28103281 32801328 1328
132901329 13209132 91302913 29103291 32901329 1329
133001330 13300133 01303013 30103301 33001330 1330
133101331 13301133 11303113 31103311 33101331 1331
133201332 13302133 21303213 32103321 33201332 1332
133301333 13303133 31303313 33103331 33301333 1333
133401334 13304133 41303413 34103341 33401334 1334
133501335 13305133 51303513 35103351 33501335 1335
133601336 13306133 61303613 36103361 33601336 1336
133701337 13307133 71303713 37103371 33701337 1337
133801338 13308133 81303813 38103381 33801338 1338
133901339 13309133 91303913 39103391 33901339 1339
134001340 13400134 01304013 40103401 34001340 1340
134101341 13401134 11304113 41103411 34101341 1341
134201342 13402134 21304213 42103421 34201342 1342
134301343 13403134 31304313 43103431 34301343 1343
134401344 13404134 41304413 44103441 34401344 1344
134501345 13405134 51304513 45103451 34501345 1345
134601346 13406134 61304613 46103461 34601346 1346
134701347 13407134 71304713 47103471 34701347 1347
134801348 13408134 81304813 48103481 34801348 1348
134901349 13409134 91304913 49103491 34901349 1349
135001350 13500135 01305013 50103501 35001350 1350
135101351 13501135 11305113 51103511 35101351 1351
135201352 13502135 21305213 52103521 35201352 1352
135301353 13503135 31305313 53103531 35301353 1353
135401354 13504135 41305413 54103541 35401354 1354
135501355 13505135 51305513 55103551 35501355 1355
135601356 13506135 61305613 56103561 35601356 1356
135701357 13507135 71305713 57103571 35701357 1357
135801358 13508135 81305813 58103581 35801358 1358
135901359 13509135 91305913 59103591 35901359 1359
136001360 13600136 01306013 60103601 36001360 1360
136101361 13601136 11306113 61103611 36101361 1361
136201362 13602136 21306213 62103621 36201362 1362
136301363 13603136 31306313 63103631 36301363 1363
136401364 13604136 41306413 64103641 36401364 1364
136501365 13605136 51306513 65103651 36501365 1365
136601366 13606136 61306613 66103661 36601366 1366
136701367 13607136 71306713 67103671 36701367 1367
136801368 13608136 81306813 68103681 36801368 1368
136901369 13609136 91306913 69103691 36901369 1369
137001370 13700137 01307013 70103701 37001370 1370
137101371 13701137 11307113 71103711 37101371 1371
137201372 13702137 21307213 72103721 37201372 1372
137301373 13703137 31307313 73103731 37301373 1373
137401374 13704137 41307413 74103741 37401374 1374
137501375 13705137 51307513 75103751 37501375 1375
137601376 13706137 61307613 76103761 37601376 1376
137701377 13707137 71307713 77103771 37701377 1377
137801378 13708137 81307813 78103781 37801378 1378
137901379 13709137 91307913 79103791 37901379 1379
138001380 13800138 01308013 80103801 38001380 1380
138101381 13801138 11308113 81103811 38101381 1381
138201382 13802138 21308213 82103821 38201382 1382
138301383 13803138 31308313 83103831 38301383 1383
138401384 13804138 41308413 84103841 38401384 1384
138501385 13805138 51308513 85103851 38501385 1385
138601386 13806138 61308613 86103861 38601386 1386
138701387 13807138 71308713 87103871 38701387 1387
138801388 13808138 81308813 88103881 38801388 1388
138901389 13809138 91308913 89103891 38901389 1389
139001390 13900139 01309013 90103901 39001390 1390
139101391 13901139 11309113 91103911 39101391 1391
139201392 13902139 21309213 92103921 39201392 1392
139301393 13903139 31309313 93103931 39301393 1393
139401394 13904139 41309413 94103941 39401394 1394
139501395 13905139 51309513 95103951 39501395 1395
139601396 13906139 61309613 96103961 39601396 1396
139701397 13907139 71309713 97103971 39701397 1397
139801398 13908139 81309813 98103981 39801398 1398
139901399 13909139 91309913 99103991 39901399 1399
140001400 14000140 01400014 00104001 40001400 1400
140101401 14001140 11400114 01104011 40101401 1401
140201402 14002140 21400214 02104021 40201402 1402
140301403 14003140 31400314 03104031 40301403 1403
140401404 14004140 41400414 04104041 40401404 1404
140501405 14005140 51400514 05104051 40501405 1405
140601406 14006140 61400614 06104061 40601406 1406
140701407 14007140 71400714 07104071 40701407 1407
140801408 14008140 81400814 08104081 40801408 1408
140901409 14009140 91400914 09104091 40901409 1409
141001410 14100141 01401014 10104101 41001410 1410
141101411 14101141 11401114 11104111 41101411 1411
141201412 14102141 21401214 12104121 41201412 1412
141301413 14103141 31401314 13104131 41301413 1413
141401414 14104141 41401414 14104141 41401414 1414
141501415 14105141 51401514 15104151 41501415 1415
141601416 14106141 61401614 16104161 41601416 1416
141701417 14107141 71401714 17104171 41701417 1417
141801418 14108141 81401814 18104181 41801418 1418
141901419 14109141 91401914 19104191 41901419 1419
142001420 14200142 01402014 20104201 42001420 1420
142101421 14201142 11402114 21104211 42101421 1421
142201422 14202142 21402214 22104221 42201422 1422
142301423 14203142 31402314 23104231 42301423 1423
142401424 14204142 41402414 24104241 42401424 1424
142501425 14205142 51402514 25104251 42501425 1425
142601426 14206142 61402614 26104261 42601426 1426
142701427 14207142 71402714 27104271 42701427 1427
142801428 14208142 81402814 28104281 42801428 1428
142901429 14209142 91402914 29104291 42901429 1429
143001430 14300143 01403014 30104301 43001430 1430
143101431 14301143 11403114 31104311 43101431 1431
143201432 14302143 21403214 32104321 43201432 1432
143301433 14303143 31403314 33104331 43301433 1433
143401434 14304143 41403414 34104341 43401434 1434
143501435 14305143 51403514 35104351 43501435 1435
143601436 14306143 61403614 36104361 43601436 1436
143701437 14307143 71403714 37104371 43701437 1437
143801438 14308143 81403814 38104381 43801438 1438
143901439 14309143 91403914 39104391 43901439 1439
144001440 14400144 01404014 40104401 44001440 1440
144101441 14401144 11404114 41104411 44101441 1441
144201442 14402144 21404214 42104421 44201442 1442
144301443 14403144 31404314 43104431 44301443 1443
144401444 14404144 41404414 44104441 44401444 1444
144501445 14405144 51404514 45104451 44501445 1445
144601446 14406144 61404614 46104461 44601446 1446
144701447 14407144 71404714 47104471 44701447 1447
144801448 14408144 81404814 48104481 44801448 1448
144901449 14409144 91404914 49104491 44901449 1449
145001450 14500145 01405014 50104501 45001450 1450
145101451 14501145 11405114 51104511 45101451 1451
145201452 14502145 21405214 52104521 45201452 1452
145301453 14503145 31405314 53104531 45301453 1453
145401454 14504145 41405414 54104541 45401454 1454
145501455 14505145 51405514 55104551 45501455 1455
145601456 14506145 61405614 56104561 45601456 1456
145701457 14507145 71405714 57104571 45701457 1457
145801458 14508145 81405814 58104581 45801458 1458
145901459 14509145 91405914 59104591 45901459 1459
146001460 14600146 01406014 60104601 46001460 1460
146101461 14601146 11406114 61104611 46101461 1461
146201462 14602146 21406214 62104621 46201462 1462
146301463 14603146 31406314 63104631 46301463 1463
146401464 14604146 41406414 64104641 46401464 1464
146501465 14605146 51406514 65104651 46501465 1465
146601466 14606146 61406614 66104661 46601466 1466
146701467 14607146 71406714 67104671 46701467 1467
146801468 14608146 81406814 68104681 46801468 1468
146901469 14609146 91406914 69104691 46901469 1469
147001470 14700147 01407014 70104701 47001470 1470
147101471 14701147 11407114 71104711 47101471 1471
147201472 14702147 21407214 72104721 47201472 1472
147301473 14703147 31407314 73104731 47301473 1473
147401474 14704147 41407414 74104741 47401474 1474
147501475 14705147 51407514 75104751 47501475 1475
147601476 14706147 61407614 76104761 47601476 1476
147701477 14707147 71407714 77104771 47701477 1477
147801478 14708147 81407814 78104781 47801478 1478
147901479 14709147 91407914 79104791 47901479 1479
148001480 14800148 01408014 80104801 48001480 1480
148101481 14801148 11408114 81104811 48101481 1481
148201482 14802148 21408214 82104821 48201482 1482
148301483 14803148 31408314 83104831 48301483 1483
148401484 14804148 41408414 84104841 48401484 1484
148501485 14805148 51408514 85104851 48501485 1485
148601486 14806148 61408614 86104861 48601486 1486
148701487 14807148 71408714 87104871 48701487 1487
148801488 14808148 81408814 88104881 48801488 1488
148901489 14809148 91408914 89104891 48901489 1489
149001490 14900149 01409014 90104901 49001490 1490
149101491 14901149 11409114 91104911 49101491 1491
149201492 14902149 21409214 92104921 49201492 1492
149301493 14903149 31409314 93104931 49301493 1493
149401494 14904149 41409414 94104941 49401494 1494
149501495 14905149 51409514 95104951 49501495 1495
149601496 14906149 61409614 96104961 49601496 1496
149701497 14907149 71409714 97104971 49701497 1497
149801498 14908149 81409814 98104981 49801498 1498
149901499 14909149 91409914 99104991 49901499 1499
150001500 15000150 01500015 00105001 50001500 1500
150101501 15001150 11500115 01105011 50101501 1501
150201502 15002150 21500215 02105021 50201502 1502
150301503 15003150 31500315 03105031 50301503 1503
150401504 15004150 41500415 04105041 50401504 1504
150501505 15005150 51500515 05105051 50501505 1505
150601506 15006150 61500615 06105061 50601506 1506
150701507 15007150 71500715 07105071 50701507 1507
150801508 15008150 81500815 08105081 50801508 1508
150901509 15009150 91500915 09105091 50901509 1509
151001510 15100151 01501015 10105101 51001510 1510
151101511 15101151 11501115 11105111 51101511 1511
151201512 15102151 21501215 12105121 51201512 1512
151301513 15103151 31501315 13105131 51301513 1513
151401514 15104151 41501415 14105141 51401514 1514
151501515 15105151 51501515 15105151 51501515 1515
151601516 15106151 61501615 16105161 51601516 1516
151701517 15107151 71501715 17105171 51701517 1517
151801518 15108151 81501815 18105181 51801518 1518
151901519 15109151 91501915 19105191 51901519 1519
152001520 15200152 01502015 20105201 52001520 1520
152101521 15201152 11502115 21105211 52101521 1521
152201522 15202152 21502215 22105221 52201522 1522
152301523 15203152 31502315 23105231 52301523 1523
152401524 15204152 41502415 24105241 52401524 1524
152501525 15205152 51502515 25105251 52501525 1525
152601526 15206152 61502615 26105261 52601526 1526
152701527 15207152 71502715 27105271 52701527 1527
152801528 15208152 81502815 28105281 52801528 1528
152901529 15209152 91502915 29105291 52901529 1529
153001530 15300153 01503015 30105301 53001530 1530
153101531 15301153 11503115 31105311 53101531 1531
153201532 15302153 21503215 32105321 53201532 1532
153301533 15303153 31503315 33105331 53301533 1533
153401534 15304153 41503415 34105341 53401534 1534
153501535 15305153 51503515 35105351 53501535 1535
153601536 15306153 61503615 36105361 53601536 1536
153701537 15307153 71503715 37105371 53701537 1537
153801538 15308153 81503815 38105381 53801538 1538
153901539 15309153 91503915 39105391 53901539 1539
154001540 15400154 01504015 40105401 54001540 1540
154101541 15401154 11504115 41105411 54101541 1541
154201542 15402154 21504215 42105421 54201542 1542
154301543 15403154 31504315 43105431 54301543 1543
154401544 15404154 41504415 44105441 54401544 1544
154501545 15405154 51504515 45105451 54501545 1545
154601546 15406154 61504615 46105461 54601546 1546
154701547 15407154 71504715 47105471 54701547 1547
154801548 15408154 81504815 48105481 54801548 1548
154901549 15409154 91504915 49105491 54901549 1549
155001550 15500155 01505015 50105501 55001550 1550
155101551 15501155 11505115 51105511 55101551 1551
155201552 15502155 21505215 52105521 55201552 1552
155301553 15503155 31505315 53105531 55301553 1553
155401554 15504155 41505415 54105541 55401554 1554
155501555 15505155 51505515 55105551 55501555 1555
155601556 15506155 61505615 56105561 55601556 1556
155701557 15507155 71505715 57105571 55701557 1557
155801558 15508155 81505815 58105581 55801558 1558
155901559 15509155 91505915 59105591 55901559 1559
156001560 15600156 01506015 60105601 56001560 1560
156101561 15601156 11506115 61105611 56101561 1561
156201562 15602156 21506215 62105621 56201562 1562
156301563 15603156 31506315 63105631 56301563 1563
156401564 15604156 41506415 64105641 56401564 1564
156501565 15605156 51506515 65105651 56501565 1565
156601566 15606156 61506615 66105661 56601566 1566
156701567 15607156 71506715 67105671 56701567 1567
156801568 15608156 81506815 68105681 56801568 1568
156901569 15609156 91506915 69105691 56901569 1569
157001570 15700157 01507015 70105701 57001570 1570
157101571 15701157 11507115 71105711 57101571 1571
157201572 15702157 21507215 72105721 57201572 1572
157301573 15703157 31507315 73105731 57301573 1573
157401574 15704157 41507415 74105741 57401574 1574
157501575 15705157 51507515 75105751 57501575 1575
157601576 15706157 61507615 76105761 57601576 1576
157701577 15707157 71507715 77105771 57701577 1577
157801578 15708157 81507815 78105781 57801578 1578
157901579 15709157 91507915 79105791 57901579 1579
158001580 15800158 01508015 80105801 58001580 1580
158101581 15801158 11508115 81105811 58101581 1581
158201582 15802158 21508215 82105821 58201582 1582
158301583 15803158 31508315 83105831 58301583 1583
158401584 15804158 41508415 84105841 58401584 1584
158501585 15805158 51508515 85105851 58501585 1585
158601586 15806158 61508615 86105861 58601586 1586
158701587 15807158 71508715 87105871 58701587 1587
158801588 15808158 81508815 88105881 58801588 1588
158901589 15809158 91508915 89105891 58901589 1589
159001590 15900159 01509015 90105901 59001590 1590
159101591 15901159 11509115 91105911 59101591 1591
159201592 15902159 21509215 92105921 59201592 1592
159301593 15903159 31509315 93105931 59301593 1593
159401594 15904159 41509415 94105941 59401594 1594
159501595 15905159 51509515 95105951 59501595 1595
159601596 15906159 61509615 96105961 59601596 1596
159701597 15907159 71509715 97105971 59701597 1597
159801598 15908159 81509815 98105981 59801598 1598
159901599 15909159 91509915 99105991 59901599 1599
160001600 16000160 01600016 00106001 60001600 1600
160101601 16001160 11600116 01106011 60101601 1601
160201602 16002160 21600216 02106021 60201602 1602
160301603 16003160 31600316 03106031 60301603 1603
160401604 16004160 41600416 04106041 60401604 1604
160501605 16005160 51600516 05106051 60501605 1605
160601606 16006160 61600616 06106061 60601606 1606
160701607 16007160 71600716 07106071 60701607 1607
160801608 16008160 81600816 08106081 60801608 1608
160901609 16009160 91600916 09106091 60901609 1609
161001610 16100161 01601016 10106101 61001610 1610
161101611 16101161 11601116 11106111 61101611 1611
161201612 16102161 21601216 12106121 61201612 1612
161301613 16103161 31601316 13106131 61301613 1613
161401614 16104161 41601416 14106141 61401614 1614
161501615 16105161 51601516 15106151 61501615 1615
161601616 16106161 61601616 16106161 61601616 1616
161701617 16107161 71601716 17106171 61701617 1617
161801618 16108161 81601816 18106181 61801618 1618
161901619 16109161 91601916 19106191 61901619 1619
162001620 16200162 01602016 20106201 62001620 1620
162101621 16201162 11602116 21106211 62101621 1621
162201622 16202162 21602216 22106221 62201622 1622
162301623 16203162 31602316 23106231 62301623 1623
162401624 16204162 41602416 24106241 62401624 1624
162501625 16205162 51602516 25106251 62501625 1625
162601626 16206162 61602616 26106261 62601626 1626
162701627 16207162 71602716 27106271 62701627 1627
162801628 16208162 81602816 28106281 62801628 1628
162901629 16209162 91602916 29106291 62901629 1629
163001630 16300163 01603016 30106301 63001630 1630
163101631 16301163 11603116 31106311 63101631 1631
163201632 16302163 21603216 32106321 63201632 1632
163301633 16303163 31603316 33106331 63301633 1633
163401634 16304163 41603416 34106341 63401634 1634
163501635 16305163 51603516 35106351 63501635 1635
163601636 16306163 61603616 36106361 63601636 1636
163701637 16307163 71603716 37106371 63701637 1637
163801638 16308163 81603816 38106381 63801638 1638
163901639 16309163 91603916 39106391 63901639 1639
164001640 16400164 01604016 40106401 64001640 1640
164101641 16401164 11604116 41106411 64101641 1641
164201642 16402164 21604216 42106421 64201642 1642
164301643 16403164 31604316 43106431 64301643 1643
164401644 16404164 41604416 44106441 64401644 1644
164501645 16405164 51604516 45106451 64501645 1645
164601646 16406164 61604616 46106461 64601646 1646
164701647 16407164 71604716 47106471 64701647 1647
164801648 16408164 81604816 48106481 64801648 1648
164901649 16409164 91604916 49106491 64901649 1649
165001650 16500165 01605016 50106501 65001650 1650
165101651 16501165 11605116 51106511 65101651 1651
165201652 16502165 21605216 52106521 65201652 1652
165301653 16503165 31605316 53106531 65301653 1653
165401654 16504165 41605416 54106541 65401654 1654
165501655 16505165 51605516 55106551 65501655 1655
165601656 16506165 61605616 56106561 65601656 1656
165701657 16507165 71605716 57106571 65701657 1657
165801658 16508165 81605816 58106581 65801658 1658
165901659 16509165 91605916 59106591 65901659 1659
166001660 16600166 01606016 60106601 66001660 1660
166101661 16601166 11606116 61106611 66101661 1661
166201662 16602166 21606216 62106621 66201662 1662
166301663 16603166 31606316 63106631 66301663 1663
166401664 16604166 41606416 64106641 66401664 1664
166501665 16605166 51606516 65106651 66501665 1665
166601666 16606166 61606616 66106661 66601666 1666
166701667 16607166 71606716 67106671 66701667 1667
166801668 16608166 81606816 68106681 66801668 1668
166901669 16609166 91606916 69106691 66901669 1669
167001670 16700167 01607016 70106701 67001670 1670
167101671 16701167 11607116 71106711 67101671 1671
167201672 16702167 21607216 72106721 67201672 1672
167301673 16703167 31607316 73106731 67301673 1673
167401674 16704167 41607416 74106741 67401674 1674
167501675 16705167 51607516 75106751 67501675 1675
167601676 16706167 61607616 76106761 67601676 1676
167701677 16707167 71607716 77106771 67701677 1677
167801678 16708167 81607816 78106781 67801678 1678
167901679 16709167 91607916 79106791 67901679 1679
168001680 16800168 01608016 80106801 68001680 1680
168101681 16801168 11608116 81106811 68101681 1681
168201682 16802168 21608216 82106821 68201682 1682
168301683 16803168 31608316 83106831 68301683 1683
168401684 16804168 41608416 84106841 68401684 1684
168501685 16805168 51608516 85106851 68501685 1685
168601686 16806168 61608616 86106861 68601686 1686
168701687 16807168 71608716 87106871 68701687 1687
168801688 16808168 81608816 88106881 68801688 1688
168901689 16809168 91608916 89106891 68901689 1689
169001690 16900169 01609016 90106901 69001690 1690
169101691 16901169 11609116 91106911 69101691 1691
169201692 16902169 21609216 92106921 69201692 1692
169301693 16903169 31609316 93106931 69301693 1693
169401694 16904169 41609416 94106941 69401694 1694
169501695 16905169 51609516 95106951 69501695 1695
169601696 16906169 61609616 96106961 69601696 1696
169701697 16907169 71609716 97106971 69701697 1697
169801698 16908169 81609816 98106981 69801698 1698
169901699 16909169 91609916 99106991 69901699 1699
170001700 17000170 01700017 00107001 70001700 1700
170101701 17001170 11700117 01107011 70101701 1701
170201702 17002170 21700217 02107021 70201702 1702
170301703 17003170 31700317 03107031 70301703 1703
170401704 17004170 41700417 04107041 70401704 1704
170501705 17005170 51700517 05107051 70501705 1705
170601706 17006170 61700617 06107061 70601706 1706
170701707 17007170 71700717 07107071 70701707 1707
170801708 17008170 81700817 08107081 70801708 1708
170901709 17009170 91700917 09107091 70901709 1709
171001710 17100171 01701017 10107101 71001710 1710
171101711 17101171 11701117 11107111 71101711 1711
171201712 17102171 21701217 12107121 71201712 1712
171301713 17103171 31701317 13107131 71301713 1713
171401714 17104171 41701417 14107141 71401714 1714
171501715 17105171 51701517 15107151 71501715 1715
171601716 17106171 61701617 16107161 71601716 1716
171701717 17107171 71701717 17107171 71701717 1717
171801718 17108171 81701817 18107181 71801718 1718
171901719 17109171 91701917 19107191 71901719 1719
172001720 17200172 01702017 20107201 72001720 1720
172101721 17201172 11702117 21107211 72101721 1721
172201722 17202172 21702217 22107221 72201722 1722
172301723 17203172 31702317 23107231 72301723 1723
172401724 17204172 41702417 24107241 72401724 1724
172501725 17205172 51702517 25107251 72501725 1725
172601726 17206172 61702617 26107261 72601726 1726
172701727 17207172 71702717 27107271 72701727 1727
172801728 17208172 81702817 28107281 72801728 1728
172901729 17209172 91702917 29107291 72901729 1729
173001730 17300173 01703017 30107301 73001730 1730
173101731 17301173 11703117 31107311 73101731 1731
173201732 17302173 21703217 32107321 73201732 1732
173301733 17303173 31703317 33107331 73301733 1733
173401734 17304173 41703417 34107341 73401734 1734
173501735 17305173 51703517 35107351 73501735 1735
173601736 17306173 61703617 36107361 73601736 1736
173701737 17307173 71703717 37107371 73701737 1737
173801738 17308173 81703817 38107381 73801738 1738
173901739 17309173 91703917 39107391 73901739 1739
174001740 17400174 01704017 40107401 74001740 1740
174101741 17401174 11704117 41107411 74101741 1741
174201742 17402174 21704217 42107421 74201742 1742
174301743 17403174 31704317 43107431 74301743 1743
174401744 17404174 41704417 44107441 74401744 1744
174501745 17405174 51704517 45107451 74501745 1745
174601746 17406174 61704617 46107461 74601746 1746
174701747 17407174 71704717 47107471 74701747 1747
174801748 17408174 81704817 48107481 74801748 1748
174901749 17409174 91704917 49107491 74901749 1749
175001750 17500175 01705017 50107501 75001750 1750
175101751 17501175 11705117 51107511 75101751 1751
175201752 17502175 21705217 52107521 75201752 1752
175301753 17503175 31705317 53107531 75301753 1753
175401754 17504175 41705417 54107541 75401754 1754
175501755 17505175 51705517 55107551 75501755 1755
175601756 17506175 61705617 56107561 75601756 1756
175701757 17507175 71705717 57107571 75701757 1757
175801758 17508175 81705817 58107581 75801758 1758
175901759 17509175 91705917 59107591 75901759 1759
176001760 17600176 01706017 60107601 76001760 1760
176101761 17601176 11706117 61107611 76101761 1761
176201762 17602176 21706217 62107621 76201762 1762
176301763 17603176 31706317 63107631 76301763 1763
176401764 17604176 41706417 64107641 76401764 1764
176501765 17605176 51706517 65107651 76501765 1765
176601766 17606176 61706617 66107661 76601766 1766
176701767 17607176 71706717 67107671 76701767 1767
176801768 17608176 81706817 68107681 76801768 1768
176901769 17609176 91706917 69107691 76901769 1769
177001770 17700177 01707017 70107701 77001770 1770
177101771 17701177 11707117 71107711 77101771 1771
177201772 17702177 21707217 72107721 77201772 1772
177301773 17703177 31707317 73107731 77301773 1773
177401774 17704177 41707417 74107741 77401774 1774
177501775 17705177 51707517 75107751 77501775 1775
177601776 17706177 61707617 76107761 77601776 1776
177701777 17707177 71707717 77107771 77701777 1777
177801778 17708177 81707817 78107781 77801778 1778
177901779 17709177 91707917 79107791 77901779 1779
178001780 17800178 01708017 80107801 78001780 1780
178101781 17801178 11708117 81107811 78101781 1781
178201782 17802178 21708217 82107821 78201782 1782
178301783 17803178 31708317 83107831 78301783 1783
178401784 17804178 41708417 84107841 78401784 1784
178501785 17805178 51708517 85107851 78501785 1785
178601786 17806178 61708617 86107861 78601786 1786
178701787 17807178 71708717 87107871 78701787 1787
178801788 17808178 81708817 88107881 78801788 1788
178901789 17809178 91708917 89107891 78901789 1789
179001790 17900179 01709017 90107901 79001790 1790
179101791 17901179 11709117 91107911 79101791 1791
179201792 17902179 21709217 92107921 79201792 1792
179301793 17903179 31709317 93107931 79301793 1793
179401794 17904179 41709417 94107941 79401794 1794
179501795 17905179 51709517 95107951 79501795 1795
179601796 17906179 61709617 96107961 79601796 1796
179701797 17907179 71709717 97107971 79701797 1797
179801798 17908179 81709817 98107981 79801798 1798
179901799 17909179 91709917 99107991 79901799 1799
180001800 18000180 01800018 00108001 80001800 1800
180101801 18001180 11800118 01108011 80101801 1801
180201802 18002180 21800218 02108021 80201802 1802
180301803 18003180 31800318 03108031 80301803 1803
180401804 18004180 41800418 04108041 80401804 1804
180501805 18005180 51800518 05108051 80501805 1805
180601806 18006180 61800618 06108061 80601806 1806
180701807 18007180 71800718 07108071 80701807 1807
180801808 18008180 81800818 08108081 80801808 1808
180901809 18009180 91800918 09108091 80901809 1809
181001810 18100181 01801018 10108101 81001810 1810
181101811 18101181 11801118 11108111 81101811 1811
181201812 18102181 21801218 12108121 81201812 1812
181301813 18103181 31801318 13108131 81301813 1813
181401814 18104181 41801418 14108141 81401814 1814
181501815 18105181 51801518 15108151 81501815 1815
181601816 18106181 61801618 16108161 81601816 1816
181701817 18107181 71801718 17108171 81701817 1817
181801818 18108181 81801818 18108181 81801818 1818
181901819 18109181 91801918 19108191 81901819 1819
182001820 18200182 01802018 20108201 82001820 1820
182101821 18201182 11802118 21108211 82101821 1821
182201822 18202182 21802218 22108221 82201822 1822
182301823 18203182 31802318 23108231 82301823 1823
182401824 18204182 41802418 24108241 82401824 1824
182501825 18205182 51802518 25108251 82501825 1825
182601826 18206182 61802618 26108261 82601826 1826
182701827 18207182 71802718 27108271 82701827 1827
182801828 18208182 81802818 28108281 82801828 1828
182901829 18209182 91802918 29108291 82901829 1829
183001830 18300183 01803018 30108301 83001830 1830
183101831 18301183 11803118 31108311 83101831 1831
183201832 18302183 21803218 32108321 83201832 1832
183301833 18303183 31803318 33108331 83301833 1833
183401834 18304183 41803418 34108341 83401834 1834
183501835 18305183 51803518 35108351 83501835 1835
183601836 18306183 61803618 36108361 83601836 1836
183701837 18307183 71803718 37108371 83701837 1837
183801838 18308183 81803818 38108381 83801838 1838
183901839 18309183 91803918 39108391 83901839 1839
184001840 18400184 01804018 40108401 84001840 1840
184101841 18401184 11804118 41108411 84101841 1841
184201842 18402184 21804218 42108421 84201842 1842
184301843 18403184 31804318 43108431 84301843 1843
184401844 18404184 41804418 44108441 84401844 1844
184501845 18405184 51804518 45108451 84501845 1845
184601846 18406184 61804618 46108461 84601846 1846
184701847 18407184 71804718 47108471 84701847 1847
184801848 18408184 81804818 48108481 84801848 1848
184901849 18409184 91804918 49108491 84901849 1849
185001850 18500185 01805018 50108501 85001850 1850
185101851 18501185 11805118 51108511 85101851 1851
185201852 18502185 21805218 52108521 85201852 1852
185301853 18503185 31805318 53108531 85301853 1853
185401854 18504185 41805418 54108541 85401854 1854
185501855 18505185 51805518 55108551 85501855 1855
185601856 18506185 61805618 56108561 85601856 1856
185701857 18507185 71805718 57108571 85701857 1857
185801858 18508185 81805818 58108581 85801858 1858
185901859 18509185 91805918 59108591 85901859 1859
186001860 18600186 01806018 60108601 86001860 1860
186101861 18601186 11806118 61108611 86101861 1861
186201862 18602186 21806218 62108621 86201862 1862
186301863 18603186 31806318 63108631 86301863 1863
186401864 18604186 41806418 64108641 86401864 1864
186501865 18605186 51806518 65108651 86501865 1865
186601866 18606186 61806618 66108661 86601866 1866
186701867 18607186 71806718 67108671 86701867 1867
186801868 18608186 81806818 68108681 86801868 1868
186901869 18609186 91806918 69108691 86901869 1869
187001870 18700187 01807018 70108701 87001870 1870
187101871 18701187 11807118 71108711 87101871 1871
187201872 18702187 21807218 72108721 87201872 1872
187301873 18703187 31807318 73108731 87301873 1873
187401874 18704187 41807418 74108741 87401874 1874
187501875 18705187 51807518 75108751 87501875 1875
187601876 18706187 61807618 76108761 87601876 1876
187701877 18707187 71807718 77108771 87701877 1877
187801878 18708187 81807818 78108781 87801878 1878
187901879 18709187 91807918 79108791 87901879 1879
188001880 18800188 01808018 80108801 88001880 1880
188101881 18801188 11808118 81108811 88101881 1881
188201882 18802188 21808218 82108821 88201882 1882
188301883 18803188 31808318 83108831 88301883 1883
188401884 18804188 41808418 84108841 88401884 1884
188501885 18805188 51808518 85108851 88501885 1885
188601886 18806188 61808618 86108861 88601886 1886
188701887 18807188 71808718 87108871 88701887 1887
188801888 18808188 81808818 88108881 88801888 1888
188901889 18809188 91808918 89108891 88901889 1889
189001890 18900189 01809018 90108901 89001890 1890
189101891 18901189 11809118 91108911 89101891 1891
189201892 18902189 21809218 92108921 89201892 1892
189301893 18903189 31809318 93108931 89301893 1893
189401894 18904189 41809418 94108941 89401894 1894
189501895 18905189 51809518 95108951 89501895 1895
189601896 18906189 61809618 96108961 89601896 1896
189701897 18907189 71809718 97108971 89701897 1897
189801898 18908189 81809818 98108981 89801898 1898
189901899 18909189 91809918 99108991 89901899 1899
190001900 19000190 01900019 00109001 90001900 1900
190101901 19001190 11900119 01109011 90101901 1901
190201902 19002190 21900219 02109021 90201902 1902
190301903 19003190 31900319 03109031 90301903 1903
190401904 19004190 41900419 04109041 90401904 1904
190501905 19005190 51900519 05109051 90501905 1905
190601906 19006190 61900619 06109061 90601906 1906
190701907 19007190 71900719 07109071 90701907 1907
190801908 19008190 81900819 08109081 90801908 1908
190901909 19009190 91900919 09109091 90901909 1909
191001910 19100191 01901019 10109101 91001910 1910
191101911 19101191 11901119 11109111 91101911 1911
191201912 19102191 21901219 12109121 91201912 1912
191301913 19103191 31901319 13109131 91301913 1913
191401914 19104191 41901419 14109141 91401914 1914
191501915 19105191 51901519 15109151 91501915 1915
191601916 19106191 61901619 16109161 91601916 1916
191701917 19107191 71901719 17109171 91701917 1917
191801918 19108191 81901819 18109181 91801918 1918
191901919 19109191 91901919 19109191 91901919 1919
192001920 19200192 01902019 20109201 92001920 1920
192101921 19201192 11902119 21109211 92101921 1921
192201922 19202192 21902219 22109221 92201922 1922
192301923 19203192 31902319 23109231 92301923 1923
192401924 19204192 41902419 24109241 92401924 1924
192501925 19205192 51902519 25109251 92501925 1925
192601926 19206192 61902619 26109261 92601926 1926
192701927 19207192 71902719 27109271 92701927 1927
192801928 19208192 81902819 28109281 92801928 1928
192901929 19209192 91902919 29109291 92901929 1929
193001930 19300193 01903019 30109301 93001930 1930
193101931 19301193 11903119 31109311 93101931 1931
193201932 19302193 21903219 32109321 93201932 1932
193301933 19303193 31903319 33109331 93301933 1933
193401934 19304193 41903419 34109341 93401934 1934
193501935 19305193 51903519 35109351 93501935 1935
193601936 19306193 61903619 36109361 93601936 1936
193701937 19307193 71903719 37109371 93701937 1937
193801938 19308193 81903819 38109381 93801938 1938
193901939 19309193 91903919 39109391 93901939 1939
194001940 19400194 01904019 40109401 94001940 1940
194101941 19401194 11904119 41109411 94101941 1941
194201942 19402194 21904219 42109421 94201942 1942
194301943 19403194 31904319 43109431 94301943 1943
194401944 19404194 41904419 44109441 94401944 1944
194501945 19405194 51904519 45109451 94501945 1945
194601946 19406194 61904619 46109461 94601946 1946
194701947 19407194 71904719 47109471 94701947 1947
194801948 19408194 81904819 48109481 94801948 1948
194901949 19409194 91904919 49109491 94901949 1949
195001950 19500195 01905019 50109501 95001950 1950
195101951 19501195 11905119 51109511 95101951 1951
195201952 19502195 21905219 52109521 95201952 1952
195301953 19503195 31905319 53109531 95301953 1953
195401954 19504195 41905419 54109541 95401954 1954
195501955 19505195 51905519 55109551 95501955 1955
195601956 19506195 61905619 56109561 95601956 1956
195701957 19507195 71905719 57109571 95701957 1957
195801958 19508195 81905819 58109581 95801958 1958
195901959 19509195 91905919 59109591 95901959 1959
196001960 19600196 01906019 60109601 96001960 1960
196101961 19601196 11906119 61109611 96101961 1961
196201962 19602196 21906219 62109621 96201962 1962
196301963 19603196 31906319 63109631 96301963 1963
196401964 19604196 41906419 64109641 96401964 1964
196501965 19605196 51906519 65109651 96501965 1965
196601966 19606196 61906619 66109661 96601966 1966
196701967 19607196 71906719 67109671 96701967 1967
196801968 19608196 81906819 68109681 96801968 1968
196901969 19609196 91906919 69109691 96901969 1969
197001970 19700197 01907019 70109701 97001970 1970
197101971 19701197 11907119 71109711 97101971 1971
197201972 19702197 21907219 72109721 97201972 1972
197301973 19703197 31907319 73109731 97301973 1973
197401974 19704197 41907419 74109741 97401974 1974
197501975 19705197 51907519 75109751 97501975 1975
197601976 19706197 61907619 76109761 97601976 1976
197701977 19707197 71907719 77109771 97701977 1977
197801978 19708197 81907819 78109781 97801978 1978
197901979 19709197 91907919 79109791 97901979 1979
198001980 19800198 01908019 80109801 98001980 1980
198101981 19801198 11908119 81109811 98101981 1981
198201982 19802198 21908219 82109821 98201982 1982
198301983 19803198 31908319 83109831 98301983 1983
198401984 19804198 41908419 84109841 98401984 1984
198501985 19805198 51908519 85109851 98501985 1985
198601986 19806198 61908619 86109861 98601986 1986
198701987 19807198 71908719 87109871 98701987 1987
198801988 19808198 81908819 88109881 98801988 1988
198901989 19809198 91908919 89109891 98901989 1989
199001990 19900199 01909019 90109901 99001990 1990
199101991 19901199 11909119 91109911 99101991 1991
199201992 19902199 21909219 92109921 99201992 1992
199301993 19903199 31909319 93109931 99301993 1993
199401994 19904199 41909419 94109941 99401994 1994
199501995 19905199 51909519 95109951 99501995 1995
199601996 19906199 61909619 96109961 99601996 1996
199701997 19907199 71909719 97109971 99701997 1997
199801998 19908199 81909819 98109981 99801998 1998
199901999 19909199 91909919 99109991 99901999 1999
